          0
          0
          0
          0
          0
350
          0
          0
200
          0
          0
          0
          0
          0
          0
          0
/
3.14159
6
          0
          0
          0
          0
          0
200
          0
          0
100
          0
          0
          0
          0
          0
          0
0
          0
          0
          0
          0
*
2
3.14159
          0
          0
          0
          0
/
3.14159
50
          0
        COS
          0
          0
          0
T
          0
2
T
        SIN
          0
          0
          0
T
          0
1
T
          0
          0
